100206
100408
101006
102311
102513
103111
103414
103818
104416
105014
106521
107018
107422
108222
110007
111009
112516
112920
113619
113922
114217
114419
114823
117122
117324
117930
118124
118225
118932
119126
120212
121618
122317
122822
123521
123925
126325
127933
128632
129028
129129
130013
130619
130821
130922
131823
132017
133827
133928
134021
134324
135528
135932
136227
136833
137229
137633
137936
138837
142828
144832
146331
146432
146533
148133
150726
151829
152831
153025
153227
153631
154229
154532
154936
156031
157336
157437
157942
158035
159744
160123
160729
162026
162329
164030
164636
164939
165638
167036
168745
171330
171633
172029
172938
173334
173536
173637
173940
174437
175338
176441
177645
178748
179346
180432
180735
180937
182739
183034
185139
185341
186141
187850
189450
190031
192035
192136
192439
193239
194140
194645
195445
196144
196346
198350
198451
199453
200008
200614
200917
201111
201414
201818
202719
204521
204622
205119
205725
208226
208327
209228
211316
211417
211922
212015
212823
213421
214423
214726
217429
220721
221319
228434
239944
249947
251833
257542
257845
268749
268850
285345
285446
290136
298455
299154
300618
303119
305830
310621
316633
322224
341834
348545
352738
356948
361234
361941
365343
366042
371843
378857
381543
385450
389357
393247
395756
406432
414229
424939
432332
436239
436845
445543
459453
467351
479762
480141
486759
497865
499566
500222
513736
519950
523032
525541
529953
530635
545345
553344
555651
561444
570243
571144
579665
580650
580751
585862
586460
587664
588565
597869
598568
599671
604537
615744
618952
622236
623844
638049
645450
647858
654350
656253
657659
664757
671855
679568
679770
687163
702133
715041
720337
725751
727553
731140
737960
742549
744553
749058
749361
753150
769064
773257
782561
800941
803240
812746
816653
820745
826454
835657
837560
841349
845458
857263
865363
871762
871964
872562
873968
877269
887373
896879
899885
901442
907656
926862
930449
942658
955465
959574
966975
978578
990366
991267
992774
993675
